720575940618002644
720575940626916936
720575940632769180
720575940630484495
720575940612518055
720575940634517856
720575940633580384
720575940649229433
720575940630998339
720575940618723749
720575940616066705
720575940615232217
720575940630851036
720575940631032657
720575940633013355
720575940615462587
720575940621145821
720575940613256863
720575940617266722
720575940626605200
720575940628419527
720575940624017251
720575940622939836
720575940617176321
720575940628518400
720575940612498129
720575940624111763
720575940639817947
720575940625932421
720575940625038090
720575940632715234
720575940610522009
720575940616713355
720575940629753807
720575940627519107
720575940622531767
720575940638456227
720575940636957006
720575940622330582
720575940620903551
720575940618266459
720575940617026260
720575940615127227
720575940605598892
720575940620314221
720575940621522458
720575940612093351
720575940612580977
720575940618234704
720575940624856762
720575940628599895
720575940614582946
720575940612323025
720575940628699560
720575940628454522
720575940626553596
720575940625934973
720575940632475449
720575940641213824
720575940613260959
720575940628606713
720575940625845447
720575940625906702
720575940620795728
720575940613638041
720575940614914107
720575940620731380
720575940638496720
720575940631338271
720575940617348379
720575940613609484
720575940652611745
720575940633218863
720575940615575007
720575940630154660
720575940618709158
720575940625991043
720575940626626895
720575940628891863
720575940624790781
720575940615053580
720575940621753579
720575940628081541
720575940614572742
720575940622108001
720575940629964591
720575940645821316
720575940640612480
720575940628462340
720575940618267227
720575940619397542
720575940603637438
720575940625841351
720575940618234715
720575940612380723
720575940620314612
720575940618807105
720575940635835967
720575940618275520
720575940612968421
720575940611134833
720575940618312606
720575940628064260
720575940618676440
720575940626745392
720575940626447848
720575940631380695
720575940625835278
720575940639109795
720575940612045352
720575940635307639
720575940605825666
720575940626735016
720575940626414279
720575940618172509
720575940635040357
720575940623262461
720575940641552347
720575940613145258
720575940641704656
720575940613804906
720575940638626118
720575940620575476
720575940632129848
720575940612462307
720575940623652083
720575940635516084
720575940639884878
720575940610226645
720575940619263937
720575940625216202
720575940623925774
720575940633552685
720575940615332502
720575940624014524
720575940615920453
720575940627685765
720575940638835288
720575940616116697
720575940629967703
720575940622992205
720575940606217138
720575940618538641
720575940624919077
720575940620306904
720575940640302389
720575940623047629
720575940613763759
720575940615967377
720575940610116757
720575940625001735
720575940612254701
720575940640510427
720575940625695269
720575940635572592
720575940633588320
720575940609592674
720575940603989420
720575940624016778
720575940626161930
720575940628847164
720575940616735489
720575940620001718
720575940628039034
720575940612944382
720575940629384271
720575940615953302
720575940616166685
720575940627902078
720575940606855554
720575940632512226
720575940624611002
720575940612560680
720575940642414837
720575940622680088
720575940620783180
720575940622769159
720575940623551684
720575940626236041
720575940614067167
720575940647358243
720575940618927892
720575940614526974
720575940648418425
720575940645699124
720575940613821290
720575940619197318
720575940624931530
720575940612766691
720575940631397549
720575940645407268
720575940645180196
720575940643740964
720575940636295019
720575940615116731
720575940614738444
720575940628552247
720575940624208824
720575940626617084
720575940630650936
720575940635234478
720575940616008854
720575940610953651
720575940613219474
720575940611740569
720575940653742753
720575940615288203
720575940637958709
720575940629368015
720575940622425271
720575940638857048
720575940629292785
720575940628990214
720575940655750305
720575940628395797
720575940625700739
720575940637088602
720575940625697772
720575940607854531
720575940635004271
720575940622174463
720575940636529520
720575940618450496
720575940661316993
720575940627553923
720575940628778058
720575940618608177
720575940636878682
720575940613470947
720575940624755504
720575940634700980
720575940622009284
720575940612874536
720575940639878352
720575940631582751
720575940619981494
720575940630831185
720575940614631079
720575940615907723
720575940639895003
720575940624244922
720575940626873000
720575940614373279
720575940632080146
720575940630209603
720575940618307046
720575940618711535
720575940632779932
720575940611821334
720575940653666465
720575940626384200
720575940632711052
720575940628603842
720575940632777124
720575940624903064
720575940611567638
720575940617997241
720575940616377817
720575940607845250
720575940637702222
720575940612096462
720575940607683011
720575940612994929
720575940619654149
720575940631095158
720575940619627934
720575940608875531
720575940642397128
720575940634146967
720575940645328436
720575940631312428
720575940624417584
720575940617294219
720575940636539102
720575940617289782
720575940615055989
720575940636950505
720575940638922624
720575940624359093
720575940628197892
720575940631742405
720575940617480094
720575940627902979
720575940621634913
720575940610536290
720575940647369507
720575940628849668
720575940623769783
720575940630731847
720575940620139678
720575940625477721
720575940630719831
720575940627368254
720575940610681829
720575940626375172
720575940639177449
720575940622312072
720575940628921303
720575940620887834
720575940606126438
720575940623333770
720575940623827348
720575940611352234
720575940616083345
720575940619750822
720575940608088259
720575940619900993
720575940628976956
720575940621914904
720575940622156799
720575940636999401
720575940624531652
720575940616491993
720575940632009167
720575940632499757
720575940622838154